-34.051490 ,-629.917733 ,757.494451
-115.597823 ,-299.079200 ,949.788178
-409.585737 ,-175.004047 ,958.152660
-672.482072 ,19.201292 ,705.829029
-844.406733 ,116.236032 ,591.572808
-826.188254 ,170.332609 ,493.085549
-526.506768 ,523.587434 ,630.241342
-65.006850 ,654.751492 ,667.285751
206.789617 ,736.560960 ,607.338358
672.482120 ,255.147394 ,666.467785
676.812251 ,-194.740433 ,717.779248
323.772510 ,-629.181839 ,737.248772
-113.933900 ,-771.285560 ,607.351833
-480.329395 ,-772.629915 ,257.094766
-673.368390 ,-648.911077 ,-94.343138
-798.398474 ,-551.923812 ,-301.619065
-786.396700 ,-551.990416 ,-359.617315
-593.012852 ,-871.037357 ,-106.947240
-170.840579 ,-989.666509 ,-272.667371
353.919710 ,-966.805612 ,-242.105873
411.440606 ,-939.529529 ,-213.571041
23.535418 ,-994.322764 ,-54.211515
-402.949351 ,-989.894383 ,-102.887100
-709.588771 ,-784.266330 ,67.842443
-814.823592 ,-437.084907 ,341.416714
-937.002810 ,-236.457018 ,528.025433
-586.627650 ,-56.414320 ,768.702082
-327.748510 ,112.424257 ,905.872196
-32.930006 ,394.977808 ,909.773009
-101.227231 ,519.396239 ,829.471332
-422.620047 ,583.463472 ,641.088406
-583.667006 ,593.870494 ,584.499054
-830.306061 ,386.951147 ,348.732954
-822.671194 ,473.378612 ,140.372615
-503.753544 ,777.475724 ,22.522863
91.239181 ,935.884331 ,-34.102147
730.099116 ,639.234017 ,64.480669
923.210003 ,97.861080 ,287.823951
775.654061 ,81.936592 ,700.084797
288.906302 ,-168.175086 ,900.437828
121.342774 ,-201.024442 ,924.889607
-351.539736 ,-120.711825 ,928.827564
-518.540467 ,-191.639206 ,872.147730
-672.637703 ,-192.300004 ,664.939374
-792.589747 ,110.943600 ,602.727597
-537.971127 ,556.091650 ,630.388788
-66.871845 ,486.977756 ,852.300682
301.522090 ,265.549112 ,889.493810
532.054942 ,-81.042189 ,817.569117
649.224055 ,-151.658267 ,573.320153
817.204779 ,-118.891013 ,496.753388
953.121123 ,-168.057944 ,78.685228
937.850525 ,-190.191280 ,-181.787127
864.310814 ,-201.486184 ,-366.500484
836.501786 ,-337.349110 ,-534.422837
825.185155 ,-239.787221 ,-534.165922
920.703228 ,-119.749065 ,-181.529469
848.028410 ,-146.338214 ,241.691623
527.308530 ,-59.560181 ,696.050328
17.511678 ,69.946197 ,1001.457327
-443.120563 ,14.545921 ,877.682323
-867.031179 ,29.315509 ,510.544512
-854.791094 ,-8.765261 ,411.948526
-889.068208 ,-84.840092 ,348.402847
-1021.166714 ,-172.021884 ,250.883637
-886.630078 ,-399.905844 ,-45.883931
-772.308840 ,-621.830544 ,22.301592
-424.975589 ,-935.911348 ,-218.421535
-203.593143 ,-843.661651 ,-463.231215
-316.890920 ,-681.601214 ,-676.280936
-178.453970 ,-670.453689 ,-671.584660
97.605145 ,-761.900100 ,-592.897032
205.856646 ,-891.571726 ,-460.813977
-284.357821 ,-822.138987 ,-456.755200
-666.412131 ,-697.947452 ,-256.607108
-772.247287 ,-594.723180 ,22.347205
-774.226119 ,-485.855844 ,300.476247
-735.845030 ,-469.103861 ,554.963506
-710.427572 ,-643.079975 ,212.843478
-409.380505 ,-913.841870 ,1.516942
-171.891548 ,-962.340205 ,-133.648462
-183.476888 ,-880.997122 ,-104.466144
-559.591863 ,-783.946253 ,66.637210
-647.810396 ,-707.865394 ,299.082412
-533.871704 ,-669.367828 ,489.307450
-505.877256 ,-533.541393 ,634.067587
-620.254118 ,-642.463369 ,478.467281
-513.927141 ,-794.599488 ,124.153664
-316.944313 ,-978.757308 ,-34.077534
-183.940439 ,-880.905897 ,-46.560604
-503.940370 ,-783.421756 ,320.958035
-476.619515 ,-658.310551 ,546.767684
-293.557262 ,-543.709903 ,771.307499
-483.044134 ,-620.226592 ,639.526761
-532.554154 ,-783.528922 ,292.237041
-438.854063 ,-843.269194 ,100.306729
-353.379905 ,-902.538285 ,215.322135
-643.439234 ,-588.252272 ,507.696697
-414.783235 ,-495.138682 ,795.525275
-299.427901 ,-261.659669 ,864.477089
17.115610 ,-206.594527 ,972.039309
92.322585 ,-32.910869 ,994.890829
121.537464 ,129.794867 ,994.932728
-264.301351 ,188.496783 ,928.652220
-562.858918 ,268.932412 ,774.854566
-648.218632 ,317.331190 ,642.449253
-587.349726 ,-170.174023 ,826.416049
-213.231668 ,-207.169056 ,921.778527
17.542835 ,42.820588 ,989.830606
-281.679663 ,177.626028 ,934.563595
-660.596262 ,192.722164 ,711.818793
-848.943103 ,148.524495 ,446.910048
-643.570706 ,252.477400 ,763.895062
-281.431322 ,389.109079 ,963.872143
65.005830 ,395.214457 ,926.356634
88.770308 ,514.453998 ,874.256923
-101.690783 ,519.487464 ,887.376872
-475.101203 ,561.767132 ,705.165206
-455.353765 ,696.921249 ,438.888719
-261.490562 ,670.670328 ,715.213625
-64.399219 ,779.381509 ,626.961691
122.235266 ,914.974737 ,411.455891
173.866831 ,909.718795 ,445.772897
-20.935786 ,930.730693 ,285.249948
384.323853 ,904.193156 ,96.661749
20.949447 ,979.336448 ,111.290945
-83.775314 ,979.288183 ,222.145863
-215.886891 ,968.043500 ,147.916584
-347.721098 ,1038.102663 ,62.243034
-438.137877 ,950.751615 ,-197.736175
-292.365164 ,977.874825 ,-384.147169
-489.444957 ,955.943699 ,-272.587059
-213.882071 ,1054.431287 ,-77.769063
-162.955255 ,1065.585723 ,49.224174
65.358933 ,1028.593088 ,342.624367
183.045352 ,769.186514 ,700.227378
231.360631 ,140.835226 ,970.908010
-69.631716 ,-483.356402 ,920.154402
-532.986548 ,-810.563306 ,338.515860
-857.084784 ,-541.003278 ,-173.745080
-977.416487 ,44.357606 ,-108.090298
-525.358073 ,620.991494 ,514.594467
229.508295 ,660.746074 ,630.187439
-101.973928 ,394.793590 ,887.167054
-219.396242 ,-217.951333 ,968.131070
39.670601 ,-293.224991 ,1012.241806
288.670118 ,-27.107324 ,970.161661
75.970467 ,265.178466 ,960.788308
210.427915 ,574.275743 ,827.059381
118.980378 ,666.116094 ,746.888389
-233.453252 ,519.021868 ,772.631959
-389.182340 ,534.953899 ,773.910915
-277.074856 ,816.739486 ,541.882378
-148.322427 ,492.363717 ,939.817087
40.039921 ,-130.580808 ,1012.515482
-121.163429 ,-250.316500 ,938.335527
137.904934 ,-488.307323 ,935.848157
369.947899 ,-721.294003 ,707.770078
469.221497 ,-683.353353 ,568.072602
533.755952 ,-884.113471 ,376.136881
558.967622 ,-862.788850 ,115.413020
233.327511 ,-945.478593 ,-304.792019
267.181654 ,-912.711687 ,-200.785443
460.443607 ,-754.431838 ,203.241817
486.243252 ,-216.805209 ,736.644139
-69.476086 ,-271.855106 ,961.044057
-160.404138 ,-543.517983 ,712.335791
174.088538 ,-716.345828 ,674.611950
110.717370 ,-656.835923 ,681.012758
-96.735233 ,-716.988287 ,636.256763
-538.258825 ,-734.738855 ,298.156052
-714.412695 ,-735.649591 ,-36.259072
-730.113560 ,-681.763716 ,-221.326510
-391.125094 ,-843.480874 ,-96.942949
-403.577349 ,-919.260155 ,-4.329089
-39.758238 ,-961.947590 ,-65.227982
-120.852416 ,-1065.109677 ,-53.171230
-63.908755 ,-1108.230637 ,27.359995
119.116567 ,-1009.894408 ,251.872443
-57.463162 ,-1075.808083 ,-47.908827
-615.706908 ,-784.379525 ,-129.778076
-875.371352 ,-584.238664 ,-63.658469
-924.400545 ,-339.695809 ,365.623882
-718.796372 ,-235.788517 ,653.656126
-564.313704 ,-473.854971 ,744.652012
-16.670290 ,-597.351964 ,757.410121
226.785510 ,-640.453006 ,599.045267
406.593532 ,-786.706571 ,435.226439
444.831198 ,-906.671398 ,-51.658925
175.868168 ,-945.647312 ,-333.281238
-31.597506 ,-929.862568 ,-354.747303
-31.560574 ,-913.598149 ,-354.719935
271.578958 ,-944.972783 ,-38.751021
539.337362 ,-639.988925 ,469.149903
370.850832 ,-119.419300 ,766.688216
-86.162113 ,42.571629 ,973.293336
-282.992650 ,-196.364369 ,991.839682
-149.932843 ,-461.924962 ,868.724877
225.611434 ,-667.341430 ,737.972951
647.422895 ,-536.400384 ,688.483536
636.651581 ,-259.957261 ,671.669832
856.755536 ,65.771543 ,653.084026
923.530080 ,238.819372 ,288.061137
919.791931 ,173.320630 ,15.841983
854.670058 ,401.315827 ,288.891073
324.404454 ,200.549804 ,894.989473
161.257991 ,-325.595652 ,947.517520
220.061026 ,-591.462244 ,732.356467
447.017895 ,-830.019546 ,417.457311
534.601134 ,-716.139040 ,318.514138
495.680502 ,-868.382230 ,92.751587
836.443985 ,-493.483054 ,148.551629
935.282908 ,-238.501042 ,125.030133
811.368388 ,-467.167044 ,-314.415304
890.521427 ,-320.231784 ,-71.614700
503.237856 ,-754.820034 ,-98.191478
-207.723763 ,-967.598357 ,17.174950
-790.822930 ,-458.913128 ,219.593169
-826.651805 ,170.423834 ,550.991089
-411.838704 ,556.517567 ,727.808393
-112.210715 ,681.979311 ,806.675501
-119.893303 ,411.148791 ,968.401243
-46.729293 ,-49.361274 ,1065.462632
46.111178 ,-385.551046 ,902.019842
180.107511 ,-667.567630 ,657.276036
249.983697 ,-770.601213 ,546.525920
220.535522 ,-770.544173 ,622.034898
260.974322 ,-705.382080 ,633.400991
318.057655 ,-482.759649 ,772.284758
317.551243 ,-195.193529 ,917.532102
167.464358 ,173.328992 ,1035.168745
-160.293045 ,465.304712 ,986.188616
-237.870924 ,746.547209 ,668.831488
-107.147978 ,930.482176 ,245.411397
-29.182796 ,930.058374 ,-125.786676
-237.569037 ,908.057014 ,-43.086626
-449.318834 ,691.457352 ,404.089917
-516.839314 ,312.448292 ,803.509475
-598.707698 ,52.145597 ,867.416660
-265.257174 ,-375.400244 ,887.169602
103.590734 ,-233.517231 ,971.298370
612.989082 ,-48.359248 ,805.393772
857.325475 ,255.495723 ,636.031651
668.570707 ,542.235956 ,516.443229
379.832576 ,682.697307 ,594.275372
-0.849927 ,839.162249 ,632.342686
-426.311235 ,783.726367 ,438.802903
-511.524588 ,712.770640 ,254.081909
-705.853972 ,300.925420 ,631.304328
-426.549740 ,-207.651919 ,906.122005
-161.713026 ,-364.271849 ,926.887333
173.264175 ,-466.684405 ,848.748206
138.173642 ,-472.088517 ,906.922754
519.771542 ,-368.386623 ,828.759442
833.958740 ,-97.049598 ,571.928015
915.296245 ,92.846931 ,554.226669
949.995724 ,-53.541072 ,501.587244
909.853900 ,-151.304982 ,443.841985
892.831991 ,-270.723785 ,374.293707
1009.536032 ,-178.531475 ,234.548391
1010.664514 ,-232.992510 ,78.112207
1029.412351 ,54.227396 ,-19.982784
1064.637541 ,200.626291 ,-54.757931
955.140227 ,373.934252 ,-18.841939
1033.202025 ,-102.663716 ,182.375699
880.329733 ,-286.830375 ,490.170130
729.022571 ,-292.316495 ,653.501753
526.022291 ,-319.654037 ,782.470757
346.535867 ,-195.159344 ,899.928664
219.580756 ,-455.770342 ,831.023948
138.100384 ,-238.846595 ,982.592224
284.185118 ,129.920626 ,854.661489
319.374743 ,444.467279 ,872.284125
229.801624 ,687.807825 ,601.280281
179.850393 ,779.515411 ,381.811507
210.286464 ,887.741868 ,213.836116
129.129971 ,838.830998 ,249.146309
-28.700295 ,828.057055 ,505.164029
-187.372095 ,589.645112 ,801.332481
-31.698785 ,589.995745 ,811.662001
253.143891 ,682.380860 ,566.342414
433.203902 ,687.946779 ,414.360124
681.155492 ,655.956423 ,418.102673
738.680796 ,542.210356 ,405.866441
946.655010 ,341.913087 ,311.211260
954.970005 ,401.087228 ,10.156444
859.997248 ,459.930307 ,-359.550629
542.782118 ,844.332870 ,-257.913981
294.888433 ,963.094158 ,-244.138908
395.886698 ,915.060723 ,96.587284
617.485220 ,645.014550 ,441.756550
778.498288 ,292.908783 ,405.122320
1028.285997 ,211.742027 ,165.579498
909.290084 ,384.623977 ,-53.196177
861.700181 ,384.808289 ,126.681838
718.594937 ,633.778801 ,58.773703
595.220670 ,737.011752 ,366.819851
-118.179685 ,573.528422 ,800.748852
-734.328690 ,300.790886 ,585.211672
-995.537241 ,114.991393 ,13.768994
